AVGVR4 = 2.803164e-01
AVGVI4 = -1.990550e-01
AVGVR4EXP = 1.280316e+00
AVGVR4FROMTO = 4.932384e-01
AVGIMEAMP = 1.528076e-03
AVGVM4FROMTO1PT = FAILED
AVGFAIL1 = FAILED
AVGFAIL2 = FAILED
LASTMEASURE = 3.626679e-01
