DERIVVROUTAT1 = -8.005665e-01
DERIVVROUTBAT5 = -4.798523e-01
DERIVVIOUTBAT5 = 1.838194e-01
DERIVVROUTAT0.01 = 9.982830e-01
DERIVWHENVROUT1 = -6.749823e-01
DERIVEXP1 = 6.373416e-01
DERIVEXP2 = 1.198975e+00
DERIVEXP3 = 1.198975e+00
DERIVEXP4 = 2.901099e-01
DERIVEXP5 = -2.049860e+00
DERIVVIOUTFROM1 = 1.841814e-02
DERIVIMV1 = 6.281148e-01
DERIVRETNEG1 = -1.000000e+00
DERIVRETURNNEG100 = -1.000000e+02
LASTMEASURE = 4.922994e+00
