DERIVVROUTAT1 = -8.663736e-01
DERIVVROUTBAT5 = -5.237892e-01
DERIVVIOUTBAT5 = 1.986427e-01
DERIVVROUTAT0.01 = 1.083053e+00
DERIVWHENVROUT1 = -6.026308e-01
DERIVEXP1 = 6.948642e-01
DERIVEXP2 = 1.303230e+00
DERIVEXP3 = 1.303230e+00
DERIVEXP4 = 3.170457e-01
DERIVEXP5 = -2.186783e+00
DERIVVIOUTFROM1 = 1.286611e-02
DERIVIMV1 = 6.281163e-01
DERIVRETNEG1 = -1.000000e+00
DERIVRETURNNEG100 = -1.000000e+02
LASTMEASURE = 5.360165e+00
