EQNVR4 = 1.001559e-01
EQNVI4 = -2.001169e-01
EQNVR4EXP = 1.100156e+00
EQNVR4FROMTO = 4.808052e-01
EQNIMEAMP = 2.235632e-03
EQNFAIL1 = FAILED
EQNFAIL2 = FAILED
LASTMEASURE = 2.237811e-01
