EQNVR4 = 2.502435e-01
EQNVI4 = -2.499999e-01
EQNVR4EXP = 1.250244e+00
EQNVR4FROMTO = 4.950590e-01
EQNIMEAMP = 3.533812e-03
EQNRETURNNEGONE = -1.000000e+00
EQNRETURNNEG100 = -1.000000e+02
LASTMEASURE = 3.537255e-01
