ERR = 8.303146e-02
ERR1 = 8.303146e-02
ERR1MV0.1 = 7.910872e-02
ERR1YMIN0.3 = 1.847664e-02
ERR1IGNOR0.3 = 1.847664e-02
ERR1YMAX0.7 = 1.701466e-01
ERR1EXP = 2.328286e-02
ERR2 = 2.967144e-02
ERR2MV0.1 = 2.868549e-02
ERR2YMIN0.3 = 6.550540e-03
ERR2IGNORE0.3 = 6.550540e-03
ERR2YMAX0.7 = 1.229677e-01
ERR2EXP = 8.603209e-03
ERR1VI = 1.000000e+00
ERR1FT = 1.632888e-03
ERR1IM = 1.097317e+00
ERR1FAIL = FAILED
ERR2FAIL = FAILED
LASTMEASURE = 5.000000e-01
