FITERRORPRNL1VR4 = 7.740998e-02
FITERRORPRNL1VI4 = 6.248135e-02
FITERRORPRNL2IM = 1.987699e-04
LASTMEASURE = 3.537255e-01
