FITERRORPRNL1VR4 = 7.436351e-02
FITERRORPRNL1VI4 = 6.030498e-02
FITERRORPRNL2IM = 1.886652e-04
LASTMEASURE = 3.202762e-01
