WHENVR4 = 1.593500e+01
WHENVI4 = 2.661898e+00
WHENVR3 = 2.236032e-01
WHENVI3 = 7.919046e-02
AT1 = 6.185508e-02
AT30 = 1.247232e-01
AT50 = 1.077652e+00
FINDVM3AWHENVM4EXP1 = 2.000000e-01
FINDVM3AWHENVM4EXP2 = 2.000000e-01
FINDVM3AWHENVM4EXP3 = 1.200000e+00
FINDVM3AWHENVM4EXP4 = 1.200000e+00
FINDVR3AWHENVM4EXP5 = 1.249768e-01
LASTMEASURE = 4.984243e-01
