WHENVR4 = 1.073853e+01
WHENVI4 = 1.776112e+00
WHENVR3 = 1.490436e-01
WHENVI3 = 5.281598e-02
AT1 = 9.101400e-02
AT30 = 8.645272e-02
AT50 = 1.052491e+00
FINDVM3AWHENVM4EXP1 = 1.333333e-01
FINDVM3AWHENVM4EXP2 = 1.333333e-01
FINDVM3AWHENVM4EXP3 = 1.133333e+00
FINDVM3AWHENVM4EXP4 = 1.133333e+00
FINDVR3AWHENVM4EXP5 = 8.294698e-02
LASTMEASURE = 4.992979e-01
