INTEGVR4 = 4.994993e+02
INTEGRALVI4 = -4.995116e-01
INTEGVR4EXP = 1.498499e+03
INTEGVR4FROMTO = 4.500000e+01
INTEGIMEAMP = 2.497561e-03
INTEGVM4FROMTO1PT = 0.000000e+00
INTEGFAIL1 = FAILED
INTEGFAIL2 = FAILED
LASTMEASURE = 4.994997e+02
