INTEGVR4 = 4.994993e+02
INTEGRALVI4 = -4.995116e-01
INTEGVR4EXP = 1.498499e+03
INTEGVR4FROMTO = 4.500000e+01
INTEGIMEAMP = 2.497561e-03
INTEGVM4FROMTO1PT = 0.000000e+00
INTEGRETURNNEGONE = -1.000000e+00
INTEGRETURNNEG100 = -1.000000e+02
LASTMEASURE = 4.994997e+02
