RMSVR4 = 3.109454e-01
RMSVI4 = 2.084973e-01
RMSVR4EXP = 1.287369e+00
RMSVR4FROMTO = 4.932827e-01
RMSIMEAMP = 1.657120e-03
RMSVM4FROMTO1PT = FAILED
RMSFAIL1 = FAILED
RMSFAIL2 = FAILED
LASTMEASURE = 3.743771e-01
