RMSVR4 = 4.024423e-01
RMSVI4 = 1.863353e-01
RMSVR4EXP = 1.395952e+00
RMSVR4FROMTO = 4.982781e-01
RMSIMEAMP = 2.309098e-03
RMSVM4FROMTO1PT = FAILED
RMSFAIL1 = FAILED
RMSFAIL2 = FAILED
LASTMEASURE = 4.434869e-01
