RMSVR4 = 3.109454e-01
RMSVI4 = 2.084973e-01
RMSVR4EXP = 1.287369e+00
RMSVR4FROMTO = 4.932827e-01
RMSIMEAMP = 1.657120e-03
RMSVM4FROMTO1PT = -1.000000e+00
RMSRETURNNEGONE = -1.000000e+00
RMSRETURNNEG100 = -1.000000e+02
LASTMEASURE = 3.743771e-01
