TRIGTARGAT = 4.700000e+02
TRIGTARG1 = 3.904233e+01
TRIGTARG2 = -3.904233e+01
TRIGTARG3 = 1.179157e+02
TRIGTARG4 = -1.179157e+02
TRIGTARG5 = 6.036240e+01
RISEFALL1 = 2.834981e+01
RISEFALL2 = -9.940473e+01
RISEFALL3 = 1.079713e+02
RISEFALL4 = -1.524912e+02
LASTMEASURE = 7.048556e-01
