EQNVB = 1.993707e+00
EQNVMB = 1.996849e+00
EQNVRB = 1.993707e+00
EQNVIB = 1.079077e+00
EQNVPB = 5.549865e+00
EQNVDBB = 9.725847e-01
PARAMVB = 1.993707e+00
PARAMVMB = 1.996849e+00
PARAMVRB = 1.993707e+00
PARAMVIB = 1.079077e+00
PARAMVPB = 5.549865e+00
PARAMVDBB = 9.725847e-01
EQNVMBFROMTO = 1.782479e+00
EQNIMV1 = 1.498424e+00
EQNFREQ = 1.000000e+06
EQNHERTZ = 1.000000e+06
EQNFAIL1 = FAILED
EQNFAIL2 = FAILED
