MAXSR11 = -9.971784e-01
MAXYDB11 = 3.397913e+01
MINSI11 = -6.354674e-02
MAXZP11 = -4.559357e-01
PPSI11 = 6.354038e-02
EQNYM11 = 4.999842e+01
MAXSR11_EXP = -9.971784e-01
MAXYDB11_EXP = 3.397913e+01
MINSI11_EXP = -6.354674e-02
MAXZP11_EXP = -4.559357e-01
PPSI11_EXP = 6.354038e-02
EQNYM11_EXP = 4.999842e+01
