RMSVB = 9.054623e-01
RMSVMB = 9.368140e-01
RMSVRB = 9.054623e-01
RMSVIB = 2.403299e-01
RMSVDBB = 3.617567e+00
RMSVPBEXP = 2.377904e-01
RMSVMBFROMTO = 5.336037e-01
RMSIMV1 = 4.684070e-01
RMSVMBFROMTO1PT = FAILED
RMSFAIL1 = FAILED
RMSFAIL2 = FAILED
