AVGV1B = 3.437500e+00
AVGV1BFROM = 2.812500e+00
AVGV1BTO = 4.375000e+00
AVGV1BFT = 2.812500e+00
AVGV1BTF = 2.812500e+00
AVGV1BFT1PT = FAILED
AVGFAIL1 = FAILED
AVGFAIL2 = FAILED
LASTMEASURE = 4.687500e+00
