AVGV1B = 2.500000e+00
AVGV1BFT = 1.875000e+00
AVGV1BFT1PT = -1.000000e+00
AVGRETURNNEGONE = -1.000000e+00
AVGRETURNNEG100 = -1.000000e+02
LASTMEASURE = 3.750000e+00
