AVGV1B = 2.500000e+00
AVGV1BFROM = 1.875000e+00
AVGV1BTO = 3.437500e+00
AVGV1BFT = 1.875000e+00
AVGV1BTF = 1.875000e+00
AVGV1BFT1PT = FAILED
AVGFAIL1 = FAILED
AVGFAIL2 = FAILED
LASTMEASURE = 3.750000e+00
