DERIVV2AT2.5 = 3.333333e+00
DERIVV2AT1 = 2.000000e+00
DERIVV2WHEN10 = 4.666667e+00
DERIVEXP1 = 4.666667e+00
DERIVEXP2 = 3.333333e+00
DERIVEXP3 = 3.333333e+00
DERIVEXP4 = 4.666667e+00
DERIVEXP5 = -3.666667e+00
DERIVIR2AT2.5 = 8.333333e-01
DERIVRETNEG1 = -1.000000e+00
DERIVRETURNNEG100 = -1.000000e+02
LASTMEASURE = 1.666667e+01
