DERIVV2AT2.5 = 3.333333e+00
DERIVV2AT1 = 2.000000e+00
DERIVV2WHEN10 = 4.666667e+00
DERIVEXP1 = 4.666667e+00
DERIVEXP2 = 3.333333e+00
DERIVEXP3 = 3.333333e+00
DERIVEXP4 = 4.666667e+00
DERIVEXP5 = -3.666667e+00
FROM1 = 3.111111e+01
FROM2 = -1.333333e+01
FROM3 = 3.111111e+01
FROM4 = 3.111111e+01
DERIVIR2AT2.5 = 8.333333e-01
FAIL1 = FAILED
FAIL2 = FAILED
FAIL3 = FAILED
FAIL4 = FAILED
DERIVFAIL1 = FAILED
DERIVFAIL2 = FAILED
LASTMEASURE = 1.666667e+01
