MAXV5 = 5.142857e+00
MAXV5TO = 4.615385e+00
MINV5 = 3.000000e+00
MINV5FROM = 3.529412e+00
PPV5 = 2.142857e+00
AVGV5 = 4.012824e+00
AVGV5TO = 3.745997e+00
AVGV5FROM = 4.279652e+00
INTEGV5 = 5.617954e+01
INTEGV5TO = 2.622198e+01
INTEGV5FROM = 2.995756e+01
RMSV5 = 4.057562e+00
RMSV5TO = 3.785260e+00
RMSV5FROM = 4.312705e+00
FINDV5 = 5.000000e+00
DERIVV5 = -2.000000e-01
ERR1 = 2.104625e+00
ERR1TO = 2.282406e+00
ERR1FROM = 1.866667e+00
LASTMEASURE = 5.142857e+00
