VV1 = 2.250000e+00
VV2 = 1.325000e+01
VV2FROM = 1.325000e+01
VV2TO = 1.512500e+01
VV2FT = 1.387500e+01
VV2TF = 1.387500e+01
DIF = -1.100000e+01
EQNRETURNNEGONE = -1.000000e+00
EQNRETURNNEG100 = -1.000000e+02
LASTMEASURE = 3.750000e+00
