VV1 = 3.187500e+00
VV2 = 1.418750e+01
VV2FROM = 1.418750e+01
VV2TO = 1.606250e+01
VV2FT = 1.481250e+01
VV2TF = 1.481250e+01
DIF = -1.100000e+01
EQNFAIL1 = FAILED
EQNFAIL2 = FAILED
LASTMEASURE = 4.687500e+00
