VV1 = 3.187500e+00
VV2 = 1.418750e+01
VV2FT = 1.481250e+01
DIF = -1.100000e+01
EQNRETURNNEGONE = -1.000000e+00
EQNRETURNNEG100 = -1.000000e+02
LASTMEASURE = 4.687500e+00
