VV1 = 2.250000e+00
VV2 = 1.325000e+01
VV2FROM = 1.325000e+01
VV2TO = 1.512500e+01
VV2FT = 1.387500e+01
VV2TF = 1.387500e+01
DIF = -1.100000e+01
EQNFAIL1 = FAILED
EQNFAIL2 = FAILED
LASTMEASURE = 3.750000e+00
