FITERRORINFPRN = 1.388081e+00
FITERRORL1PRN = 6.504360e+00
FITERRORL2PRN = 2.912105e+00
FITERRORINFCSD = 1.388081e+00
FITERRORL1CSD = 6.504360e+00
FITERRORL2CSD = 2.912105e+00
FITERRORINFCSV = 1.388081e+00
FITERRORL1CSV = 6.504360e+00
FITERRORL2CSV = 2.912105e+00
FITERRORINFCDPRN = 1.388081e+00
FITERRORL1CDPRN = 6.504360e+00
FITERRORL2CDPRN = 2.912105e+00
LASTMEASURE = 4.651163e+00
