FITERRORINFPRN = 3.415698e-01
FITERRORL1PRN = 1.271802e+00
FITERRORL2PRN = 5.852434e-01
FITERRORINFCSD = 3.415698e-01
FITERRORL1CSD = 1.271802e+00
FITERRORL2CSD = 5.852434e-01
FITERRORINFCSV = 3.415698e-01
FITERRORL1CSV = 1.271802e+00
FITERRORL2CSV = 5.852434e-01
FITERRORINFCDPRN = 3.415698e-01
FITERRORL1CDPRN = 1.271802e+00
FITERRORL2CDPRN = 5.852434e-01
LASTMEASURE = 3.604651e+00
