WHENV1B3 = 4.300000e+00
WHENEXP1 = 1.420000e+00
WHENEXP2 = 1.420000e+00
FINDV2BWHENV1B3 = 2.000000e+00
LASTMEASURE = 3.437500e+00
