WHENV1B3 = 4.300000e+00
WHENEXP1 = 1.420000e+00
WHENEXP2 = 1.420000e+00
FINDV2BWHENV1B3 = 2.000000e+00
V1BAT2 = 1.562500e+00
V1BAT2.5 = 1.875000e+00
V1BEXPAT2.5 = 2.875000e+00
FAIL1 = -1.000000e+00
FAIL2 = -1.000000e+00
FAIL3 = -1.000000e+00
FAIL4 = -1.000000e+00
FAIL5 = -1.000000e+00
LASTMEASURE = 3.437500e+00
