WHENV1B3 = 2.300000e+00
FINDV2BWHENV1B3 = 4.000000e+00
LASTMEASURE = 4.687500e+00
