WHENV1B3 = 3.800000e+00
FINDV2BWHENV1B3 = 2.500000e+00
LASTMEASURE = 3.750000e+00
