WHENV1B3 = 2.800000e+00
WHENEXP1 = 4.720000e+00
WHENEXP2 = 4.720000e+00
FINDV2BWHENV1B3 = 3.500000e+00
LASTMEASURE = 4.375000e+00
