INTEGV1B = -1.000000e+01
INTEG1BFROM = -3.750000e+00
INTEG1BTO = -6.250000e+00
INTEG1BFT1 = -5.000000e+00
INTEG1BFT2 = 5.000000e+00
INTEG1BFT1PT = 0.000000e+00
INTEGRETURNNEGONE = -1.000000e+00
INTEGRETURNNEG100 = -1.000000e+02
LASTMEASURE = 3.750000e+00
