INTEGV1B = -1.375000e+01
INTEG1BFT1 = -5.625000e+00
INTEG1BFT2 = 5.625000e+00
INTEG1BFT1PT = 0.000000e+00
INTEGRETURNNEGONE = -1.000000e+00
INTEGRETURNNEG100 = -1.000000e+02
LASTMEASURE = 4.687500e+00
