INTEGV1B = -1.375000e+01
INTEG1BFROM = -5.625000e+00
INTEG1BTO = -8.125000e+00
INTEG1BFT1 = -6.875000e+00
INTEG1BFT2 = 6.875000e+00
INTEG1BFT1PT = 0.000000e+00
INTEGFAIL1 = FAILED
INTEGFAIL2 = FAILED
LASTMEASURE = 4.687500e+00
