MAXV1B = 3.750000e+00
MAXV1BFT = 3.125000e+00
MINV1B = 1.250000e+00
MINV1BFT = 1.875000e+00
PPV1B = 2.500000e+00
PPV1BFT = 1.250000e+00
MAXRETURNNEGONE = -1.000000e+00
MAXRETURNNEG100 = -1.000000e+02
MINRETURNNEGONE = -1.000000e+00
MINRETURNNEG100 = -1.000000e+02
PPRETURNNEGONE = -1.000000e+00
PPRETURNNEG100 = -1.000000e+02
LASTMEASURE = 3.750000e+00
