RMSV1B = 2.614563e+00
RMSV1BFROM = 1.926379e+00
RMSV1BTO = 3.156095e+00
RMSV1BFT1 = 2.538762e+00
RMSV1BFT2 = 2.538762e+00
RMSV1BFT1PT = -1.000000e+00
RMSV1BSQ = 7.856322e+00
RMSRETURNNEGONE = -1.000000e+00
RMSRETURNNEG100 = -1.000000e+02
LASTMEASURE = 3.750000e+00
