RMSV1B = 3.521696e+00
RMSV1BFT1 = 2.847010e+00
RMSV1BFT2 = 2.847010e+00
RMSV1BFT1PT = -1.000000e+00
RMSV1BSQ = 1.348541e+01
RMSRETURNNEGONE = -1.000000e+00
RMSRETURNNEG100 = -1.000000e+02
LASTMEASURE = 4.687500e+00
