TRIGTARGAT = 5.000000e+00
TRIGTARGAT1 = 5.642143e+00
TRIGTARGAT2 = -6.421429e-01
TRIGTARG1 = 1.828571e-01
TRIGTARG2 = -2.088758e+00
TRIGTARG3 = 1.541905e+00
RISEFALL1 = -3.561111e+00
RISEFALL2 = 6.055714e+00
TRIGTARG4 = -1.828571e-01
TRIGTARG5 = -4.012671e+00
TRIGTARG6 = 6.284286e+00
TRIGTARG7 = 1.828571e-01
TRIGTARG8 = FAILED
TDEARLY = 1.828571e-01
ATEARLY = FAILED
ATLATE = FAILED
TRIGTDLATE = FAILED
TARGTDLATE = FAILED
VALNOTFOUND = FAILED
LASTMEASURE = 1.265625e+00
