TRIGTARGAT = 5.000000e+00
TRIGTARGAT1 = 5.642143e+00
TRIGTARGAT2 = -6.421429e-01
TRIGTARG1 = 1.828571e-01
TRIGTARG2 = -2.088758e+00
TRIGTARG3 = 1.541905e+00
LASTMEASURE = 1.265625e+00
