TRIGTARGAT = 5.000000e+00
TRIGTARGAT1 = 5.756429e+00
TRIGTARGAT2 = -7.564286e-01
TRIGTARG1 = 2.742857e-01
TRIGTARG2 = -6.512857e+00
TRIGTARG3 = 1.968571e+00
LASTMEASURE = 8.437500e-01
