DERIVV1AT1 = 6.283185e+00
WHEN = FAILED
CONSTANT-AT = 0.000000e+00
CONSTANT-WHEN1 = 0.000000e+00
CONSTANT-WHEN2 = FAILED
