M1 = 1.000000e+00
EQNM1 = 1.000000e+00
EQNM2 = 0.000000e+00
M2 = 0.000000e+00
