FITERRORL1IR1 = 4.200000e+01
FITERRORL2IR1 = 1.280722e+01
FITERRORINFIR1 = 4.800000e+00
FITERRORL1PR1 = 5.045197e+01
FITERRORL2PR1 = 1.570685e+01
FITERRORINFPR1 = 6.720000e+00
FITERRORL1WR1 = 5.045197e+01
FITERRORL2WR1 = 1.570685e+01
FITERRORINFWR1 = 6.720000e+00
FITERRORL1EXP = 5.000000e+01
FITERRORL2EXP = 1.512944e+01
FITERRORINFEXP = 5.200000e+0
