ERR = 2.500000e-01
ERR1 = 2.500000e-01
ERR1RO = 3.333333e-01
ERR2 = 2.500000e-01
ERR2RO = 3.333333e-01
ERR1I = 5.000000e-01
