V1HITV2RISE1 = 1.666667e-01
V1HITV2FALLLAST = 8.333333e-01
V1HITV3 = 1.250000e-01
V2WHENV1HITV3 = 7.500000e-01
WHENEXP1 = 1.500000e-01
WHENEXP2 = 1.500000e-01
FINDEXP1 = 7.000000e-01
FINDEXP2 = 7.000000e-01
