DMAX = 1.000000e+00
IMAX = 1.000000e+00
NMAX = 1.000000e+00
PMAX = 1.000000e+00
SMAX = 1.000000e+00
VMAX = 1.000000e+00
WMAX = 1.000000e+00
YMAX1 = 1.000000e+00
ZMAX = 1.000000e+00
EQN1 = 1.000000e+00
EQN2 = 1.000000e+00
EQN3 = 1.000000e+00
EQN4 = 1.000000e+00
EQN5 = 1.000000e+00
EQN6 = 1.000000e+00
EQN7 = 1.000000e+00
EQN8 = 1.000000e+00
EQN9 = 1.000000e+00
