TRIGTARGATFAIL = 2.000000e+00
TRIGTARGCONTATFAIL = 2.000000e+00                    targ = 5.834051e-04                    trig = not found
