MAXV1 = 1.000000e+00
MINV1 = -1.000000e+00
