TRIGTARGATFAIL = 0.000000e+00
TRIGTARGCONTATFAIL = 0.000000e+00                    targ = 5.834051e-04                    trig = not found
