M1 = 7.000000e-01
M2 = 7.000000e-01
M2PAR = 7.000000e-01
M2PAREN = 7.000000e-01
M3 = 9.000000e-01
M4 = 7.000000e-01
M5NE = -6.894010e-01
M5 = -6.894010e-01
M6NE = -6.892807e-01
M6 = -6.892807e-01
M7NE = -6.894010e-01
M7 = -6.894010e-01
M8NE = -5.217425e+00
M8 = -5.217425e+00
M9 = 2.918855e-01
M9PAR = 2.918855e-01
M9PAREN = 2.918855e-01
M9EXP2 = 1.291886e+00
M9PAR2 = 1.291886e+00
M9PAREN2 = 1.291886e+00
M10NE = 1.599135e-01
M10 = 1.599135e-01
M11 = 2.000000e-01
M12 = 3.000000e-01
M12PAR = 3.000000e-01
M12PARENS = 3.000000e-01
M13 = 2.000000e-01
M13EXP = 2.000000e-01
M13PARAM = 2.000000e-01
M13PAR = 2.000000e-01
M13PAREN = 2.000000e-01
M14VAR = 6.000000e-01
M14VAREXP = 6.000000e-01
M14VARPARAM = 6.000000e-01
M14VARPAR = 6.000000e-01
M14VARPAREN = 6.000000e-01
M15 = -5.000000e+00
