TRIGEQUALRISEV1 = 2.500000e-01
TRIGEQUALFALLV1 = FAILED
TRIGEQUALCROSSV1 = 2.500000e-01
TRIGEQUALRISEV2 = FAILED
TRIGEQUALFALLV2 = 2.500000e-01
TRIGEQUALCROSSV2 = 2.500000e-01
TARGEQUALRISEV1 = 2.500000e-01
TARGEQUALFALLV1 = FAILED
TARGEQUALCROSSV1 = 2.500000e-01
TARGEQUALRISEV2 = FAILED
TARGEQUALFALLV2 = 2.500000e-01
TARGEQUALCROSSV2 = 2.500000e-01
