TRIGEQUALRISEV1 = 2.500000e-01
TRIGEQUALFALLV1 = -1.000000e+00
TRIGEQUALCROSSV1 = 2.500000e-01
TRIGEQUALRISEV2 = -1.000000e+00
TRIGEQUALFALLV2 = 2.500000e-01
TRIGEQUALCROSSV2 = 2.500000e-01
TARGEQUALRISEV1 = 2.500000e-01
TARGEQUALFALLV1 = -1.000000e+00
TARGEQUALCROSSV1 = 2.500000e-01
TARGEQUALRISEV2 = -1.000000e+00
TARGEQUALFALLV2 = 2.500000e-01
TARGEQUALCROSSV2 = 2.500000e-01
