MAXEQUALRISE05V1 = 5.000000e-01
MAXEQUALFALL05V1 = FAILED
MAXEQUALCROSS05V1 = 5.000000e-01
MAXEQUALCROSS0V1 = 5.000000e-01
MINEQUALRISE05V2 = FAILED
MINEQUALFALL05V2 = -5.000000e-01
MINEQUALCROSS05V2 = -5.000000e-01
MINEQUALCROSS0V2 = -5.000000e-01
