TRIGTARGAT = 6.000000e-03
TRIGTARGAT1 = 7.375000e-03
TRIGTARGAT2 = -1.375000e-03
TRIGTARG1 = 6.250000e-04
TRIGTARG2 = 2.875000e-03
TRIGTARG3 = -2.750000e-03
TRIGTARG4 = 8.125000e-03
TRIGTARG5 = -8.125000e-03
TRIGTARG6 = -5.000000e-04
TRIGTARG7 = -2.750000e-03
TRIGTARG8 = 7.500000e-03
