WHEN1 = 3.500000e-01
WHEN2 = 6.500000e-01
WHEN3 = 3.500000e-01
WHEN4 = 8.443785e-01
WHEN5 = -1.000000e+00
DERIV1 = 2.000000e+00
DERIV2 = -2.000000e+00
DERIV3 = 2.000000e+00
DERIV4 = 2.250230e+01
DERIV5 = -1.000000e+00
