FINDV2 = 2.700000e-01
FINDV2 = 6.700000e-01
