FINDV2 = 3.600000e-01
FINDV2 = 5.600000e-01
