 ***** Measure Functions ***** 

M1 = 1.500000e-01
M1 = 8.500000e-01
Measure Start Time= 0.000000e+00	Measure End Time= 1.000000e+00

M2 = 3.000000e-01
M2 = 7.000000e-01
Measure Start Time= 0.000000e+00	Measure End Time= 1.000000e+00

M3 = 1.000000e-01
M3 = 9.000000e-01
Measure Start Time= 0.000000e+00	Measure End Time= 1.000000e+00


