DERIVCROSSTEST1 = -5.716664e-01
WHENCROSSTEST1 = 1.556897e-01
FINDCROSSTEST1 = 4.405709e-01
