DERIVCROSSCONTTEST1 = -2.187500e+01
DERIVCROSSCONTTEST1 = 5.625000e+00
DERIVCROSSCONTTEST1 = -5.625000e+00
DERIVCROSSCONTTEST1 = 2.187500e+01
