TRIGTARGCONTTEST1 = -1.828571e-01                    targ = 1.766429e+00                    trig = 1.949286e+00
TRIGTARGCONTTEST1 = 7.297101e-01                    targ = 4.038043e+00                    trig = 3.308333e+00
TRIGTARGCONTTEST1 = -7.297101e-01                    targ = 5.961957e+00                    trig = 6.691667e+00
TRIGTARGCONTTEST1 = 1.828571e-01                    targ = 8.233571e+00                    trig = 8.050714e+00
