WHENCROSSCONTTEST1 = 1.857857e+00
WHENCROSSCONTTEST1 = 3.663889e+00
WHENCROSSCONTTEST1 = 6.336111e+00
WHENCROSSCONTTEST1 = 8.142143e+00
