DERIVCROSSTEST1 = -2.187500e+01
WHENCROSSTEST1 = 1.857857e+00
FINDCROSSTEST1 = 2.500000e+00
