FINDCROSSCONTTEST1 = 2.500000e+00
FINDCROSSCONTTEST1 = 2.500000e+00
FINDCROSSCONTTEST1 = 2.500000e+00
FINDCROSSCONTTEST1 = 2.500000e+00
