M1 = 1.500000e-01
M1 = 8.500000e-01
