M2 = 3.000000e-01
M2 = 7.000000e-01
