FINDCROSSCONTTEST1 = 4.687500e-01
FINDCROSSCONTTEST1 = 3.000000e-01
FINDCROSSCONTTEST1 = 1.875000e-01
FINDCROSSCONTTEST1 = 6.250000e-02
