WHENCROSSCONTTEST1 = 6.250000e-04
WHENCROSSCONTTEST1 = 4.000000e-03
WHENCROSSCONTTEST1 = 6.250000e-03
WHENCROSSCONTTEST1 = 8.750000e-03
