TRIGTARGCONT1 = 6.250000e-04                    targ = 1.250000e-03                    trig = 6.250000e-04
TRIGTARGCONT1 = -5.000000e-04                    targ = 3.500000e-03                    trig = 4.000000e-03
TRIGTARGCONT1 = 6.250000e-04                    targ = 6.875000e-03                    trig = 6.250000e-03
TRIGTARGCONT1 = -6.250000e-04                    targ = 8.125000e-03                    trig = 8.750000e-03
