DERIVCROSSCONTTEST1 = 1.600000e+02
DERIVCROSSCONTTEST1 = -2.000000e+02
DERIVCROSSCONTTEST1 = 1.666667e+02
DERIVCROSSCONTTEST1 = -1.538462e+02
