DERIVCROSSTEST1 = 1.600000e+02
WHENCROSSTEST1 = 6.250000e-04
FINDCROSSTEST1 = 4.687500e-01
