MAXV2 = 3.333333e-01
MINV2 = -3.333333e-01
LASTMEASURE = 1.000000e+00
