MAXV1 = 9.999431e-01
MINV1 = -9.999481e-01
