MAX_CURRENTIR1 = 7.500000e-02
TIME_OF_MAXIR1 = 6.000000e-01
MIN_CURRENTIR3 = -7.500000e-02
TIME_OF_MINIR3 = 6.000000e-01
TIMEOFMAXIR1 = 6.000000e-01
VALUEOFMAXIR1 = 7.500000e-02
VALUEOFMAXIRA = 7.500000e-02
TIMEOFMAXIR1RISE1 = 2.000000e-01
VALUEOFMAXIR1RISE1 = 5.000000e-02
VALUEOFMAXIR1RISE1A = 5.000000e-02
TIMEOFMAXIR1RISELAST = 1.000000e+00
VALUEOFMAXIR1RISELAST = 2.500000e-02
VALUEOFMAXIR1RISELASTA = 2.500000e-02
TIMEOFMAXIR2 = 2.000000e-01
VALUEOFMAXIR2 = 5.000000e-02
VALUEOFMAXIR2A = 5.000000e-02
TIMEOFMAXIR2RISE2 = 6.000000e-01
VALUEOFMAXIR2RISE2 = 5.000000e-02
VALUEOFMAXIR2RISE2A = 5.000000e-02
TIMEOFMAXIR2RISELAST = 1.000000e+00
VALUEOFMAXIR2RISELAST = 5.000000e-02
VALUEOFMAXIR2RISELASTA = 5.000000e-02
TIMEOFMINIR3 = 6.000000e-01
VALUEOFMINIR3 = -7.500000e-02
VALUEOFMINIR3A = -7.500000e-02
TIMEOFMINIR3RISE1 = 2.000000e-01
VALUEOFMINIR3RISE1 = -5.000000e-02
VALUEOFMINIR3RISE1A = -5.000000e-02
TIMEOFMINIR3RISELAST = 1.000000e+00
VALUEOFMINIR3RISELAST = -2.500000e-02
VALUEOFMINIR3RISELASTA = -2.500000e-02
TIMEOFMINIR4 = 2.000000e-01
VALUEOFMINIR4 = -5.000000e-02
VALUEOFMINIR4A = -5.000000e-02
TIMEOFMINV4RISE1 = 6.000000e-01
VALUEOFMINV4RISE1 = -5.000000e-02
VALUEOFMINV4RISE1A = -5.000000e-02
TIMEOFMINV4RISELAST = 1.000000e+00
VALUEOFMINV4RISELAST = -5.000000e-02
VALUEOFMINV4RISELASTA = -5.000000e-02
BOGOVALUE1 = 7.500000e-02
BOGOVALUE2 = 7.500000e-02
BOGOVALUE3 = -7.500000e-02
BOGOVALUE4 = -7.500000e-02
