TRIGTARGAT = 5.000000e+00                     targ = 7.500000e+00                    trig = 2.500000e+00
TRIGTARGAT1 = 5.756429e+00                    targ = 8.256429e+00                    trig = 2.500000e+00
TRIGTARGAT2 = -7.564286e-01                    targ = 7.500000e+00                    trig = 8.256429e+00
TRIGTARG1 = 2.742857e-01                    targ = 8.393571e+00                    trig = 8.119286e+00
TRIGTARG1 = -4.818571e+00                    targ = 1.606429e+00                    trig = 6.425000e+00
TRIGTARG2 = -6.512857e+00                    targ = 1.606429e+00                    trig = 8.119286e+00
TRIGTARG3 = 1.968571e+00                    targ = 8.393571e+00                    trig = 6.425000e+00
TRIGTARG3 = -1.968571e+00                    targ = 1.606429e+00                    trig = 3.575000e+00
LASTMEASURE = 8.437500e-01
