MAXEXP = 3.333333e-01
MAXNONEXP = 1.000000e+00
MAXRECURSIVE = 8.000000e-01
