THDV1 = -1.950263e+01
SNDRV1 = 1.950263e+01
ENOBV1 = 2.947280e+00
SFDRV1 = 1.977330e+01
THDV2 = -7.937518e+00
SNDRV2 = 7.937518e+00
ENOBV2 = 1.026166e+00
SFDRV2 = 8.064303e+00
THDEXP = -3.932554e+00
SNDRIR3 = 4.757605e-01
NBHARM0 = -4.757605e-01
NBHARM1 = -2.000000e+02
NBHARM2 = -1.228622e+00
NBHARM3 = -5.397185e-01
NBHARM4 = -4.757605e-01
NBHARM5 = -4.757605e-01
