ENOB = 7.939959e-01
FIND = 5.367205e+01
SFDR = 8.176723e+00
SNDR = 6.539856e+00
SNR = 2.000000e+02
THD = -6.539856e+00
