ENOBV1 = 2.947280e+00
ENOBV12 = 1.026166e+00
ENOBEXP = 3.608894e-01
ENOBIR3 = -2.133288e-01
