ENOB = 2.947280e+00
THDPR1 = -1.950263e+01
SFDRWR1 = 1.977330e+01
