SNRV1 = 2.000000e+02
SNRV12 = 2.000000e+02
SNREXP = 2.000000e+02
SNRIR3 = 2.000000e+02
MAXV3 = 1.000000e+00
