AVGV1B = 2.727273e+00
AVG1BGND = -2.727273e+00
AVGV1BFROM = 3.636364e+00
AVGV1BTO = 2.272727e+00
AVGV1BFT = 1.818182e+00
AVGV1BTF = 1.818182e+00
AVG1BFT1PT = -1.000000e+00
AVGRETURNNEGONE = -1.000000e+00
AVGRETURNNEG100 = -1.000000e+02
