AVGV1B = 2.727273e+00
AVG1BGND = -2.727273e+00
AVGV1BFT = 1.818182e+00
AVG1BFT1PT = -1.000000e+00
AVGRETURNNEGONE = -1.000000e+00
AVGRETURNNEG100 = -1.000000e+02
