AVGV1B = 2.727273e+00
AVG1BGND = -2.727273e+00
AVGV1BFROM = 3.636364e+00
AVGV1BTO = 2.272727e+00
AVGV1BFT = 1.818182e+00
AVGV1BTF = 1.818182e+00
AVG1BFT1PT = FAILED
AVGFAIL1 = FAILED
AVGFAIL2 = FAILED
