AVGV1B = 2.968750e+00
AVGV1BFT = 2.343750e+00
