MAXV2 = -1.000000e+00
MINV2 = -1.000000e+00
PPV2 = -1.000000e+00
FITERRORINFPRN = -1.000000e+00
