AVGV2 = 3.000000e+00
DERIVV2 = 1.000000e+00
FITERRORINFPRN = 2.000000e+01
INTEGV2 = 1.200000e+01
MAXV2 = 5.000000e+00
MINV2 = 1.000000e+00
PPV2 = 4.000000e+00
RMSV2 = 3.240370e+00
WHENV2 = 4.000000e+00
