MAXV2 = 5.000000e+00
MINV2 = 1.000000e+00
PPV2 = 4.000000e+00
FITERRORINFPRN = 2.000000e+01
AVGV2 = 3.000000e+00
WHENV2 = 4.000000e+00
