MAXV2 = 5.000000e+00
MINV2 = 1.000000e+00
PPV2 = 4.000000e+00
FITERRORINFPRN = 2.000000e+01
