AVGV2 = -1.000000e+00
DERIVV2 = -1.000000e+00
FITERRORINFPRN = -1.000000e+00
INTEGV2 = -1.000000e+00
MAXV2 = -1.000000e+00
MINV2 = -1.000000e+00
PPV2 = -1.000000e+00
RMSV2 = -1.000000e+00
WHENV2 = -1.000000e+00
