MAXV1 = -1.593925e-12
MINV1 = -2.099982e-01
PPV1 = 2.099982e-01
