VV1 = 5.545455e+00
VV2 = 1.654545e+01
VV2FROM = 1.654545e+01
VV2TO = 1.563636e+01
VV2FT = 1.563636e+01
VV2TF = 1.563636e+01
DIF = -1.100000e+01
EQNFAIL1 = FAILED
EQNFAIL2 = FAILED
