ERR = 2.500000e-01
ERR1 = 2.500000e-01
ERR1RO = 3.333333e-01
ERR1MV1.5 = 2.357023e-01
ERR1YMIN2.5 = 1.202091e+00
ERR1IGNOR2.5 = 1.202091e+00
ERR1YMAX3.5 = 1.958481e+00
ERR1FT = 5.605677e-01
ERR2 = 2.500000e-01
ERR2RO = 3.333333e-01
ERR2MV1.5 = 2.333333e-01
ERR2YMIN2.5 = 1.000000e+00
ERR2IGNORE2.5 = 1.000000e+00
ERR2YMAX3.5 = 1.583333e+00
ERR2FT = 4.791667e-01
ERR1I = 5.502020e+00
MAXRETURNNEGONE = -1.000000e+00
MAXRETURNNEG100 = -1.000000e+02
