FITERRORINFPRN = 1.816860e-01
FITERRORL1PRN = 4.723837e-01
FITERRORL2PRN = 2.522755e-01
FITERRORINFCSD = 1.816860e-01
FITERRORL1CSD = 4.723837e-01
FITERRORL2CSD = 2.522755e-01
FITERRORINFCSV = 1.816860e-01
FITERRORL1CSV = 4.723837e-01
FITERRORL2CSV = 2.522755e-01
FITERRORINFCDPRN = 1.816860e-01
FITERRORL1CDPRN = 4.723837e-01
FITERRORL2CDPRN = 2.522755e-01
