FITERRORINFPRN = 1.453488e-01
FITERRORL1PRN = 6.758721e-01
FITERRORL2PRN = 2.605152e-01
FITERRORINFCSD = 1.453488e-01
FITERRORL1CSD = 6.758721e-01
FITERRORL2CSD = 2.605152e-01
FITERRORINFCSV = 1.453488e-01
FITERRORL1CSV = 6.758721e-01
FITERRORL2CSV = 2.605152e-01
FITERRORINFCDPRN = 1.453488e-01
FITERRORL1CDPRN = 6.758721e-01
FITERRORL2CDPRN = 2.605152e-01
