WHENV1B4 = 3.900000e+00
FINDV2BWHENV1B4 = 4.500000e+00
