INTEGV1B = 6.000000e+00
INTEGRALGND1B = -6.000000e+00
INTEG1BFROM = 4.000000e+00
INTEG1BTO = 2.000000e+00
INTEG1BFT1 = -3.000000e+00
INTEG1BFT2 = 3.000000e+00
INTEG1BFT1PT = 0.000000e+00
INTEGRETURNNEGONE = -1.000000e+00
INTEGRETURNNEG100 = -1.000000e+02
