MAXI = 4.545455e+00
MAXIFT = 3.636364e+00
MAXP = 2.066116e+00
MAXW = 2.066116e+00
MAXN = -9.090909e-01
