MAXV1B = 4.545455e+00
MAXV1BGND = 4.545455e+00
MAXV1BFT = 3.636364e+00
MAXV1BSV = 5.000000e+00
MINV1B = 9.090909e-01
MINV1BFT = 1.818182e+00
MINV1BSV = 1.000000e+00
PPV1B = 3.636364e+00
PPV1BFT = 1.818182e+00
MAXRETURNNEGONE = -1.000000e+00
MAXRETURNNEG100 = -1.000000e+02
MINRETURNNEGONE = -1.000000e+00
MINRETURNNEG100 = -1.000000e+02
PPRETURNNEGONE = -1.000000e+00
PPRETURNNEG100 = -1.000000e+02
