MAXV1B = 4.687500e+00
MAXV1BFT = 4.062500e+00
MINV1B = 1.250000e+00
MINV1BFT = 1.875000e+00
PPV1B = 3.437500e+00
PPV1BFT = 2.187500e+00
