AVG = -1.000000e+00
DERIVAT = -1.000000e+00
DERIVATFT = -1.000000e+00
DERIVWHEN = -1.000000e+00
DERIVWHENFT = -1.000000e+00
FINDAT = 9.090909e-01
FINDATFT = 9.090909e-01
FINDWHEN = -1.000000e+00
FINDWHENFT = -1.000000e+00
RMS = -1.000000e+00
