RMSV1B = 1.620185e+00
RMSGND1B = 1.620185e+00
RMSV1BFROM = 2.031010e+00
RMSV1BTO = 1.060660e+00
RMSV1BFT1 = 1.541104e+00
RMSV1BFT2 = 1.541104e+00
RMSV1BPT = FAILED
RMSV1BSQ = 3.225872e+00
RMSFAIL1 = FAILED
RMSFAIL2 = FAILED
