RMSV1B = 1.620185e+00
RMSGND1B = 1.620185e+00
RMSV1BFROM = 2.031010e+00
RMSV1BTO = 1.060660e+00
RMSV1BFT1 = 1.541104e+00
RMSV1BFT2 = 1.541104e+00
RMSV1BPT = -1.000000e+00
RMSV1BSQ = 3.225872e+00
RMSRETURNNEGONE = -1.000000e+00
RMSRETURNNEG100 = -1.000000e+02
