TRIGTARGAT = 5.000000e+00
TRIGTARGAT1 = -6.421429e-01
TRIGTARGAT2 = 5.642143e+00
TRIGTARG1 = -1.828571e-01
TRIGTARG2 = 2.088758e+00
TRIGTARG3 = -1.541905e+00
TRIGTARGVAR = 1.379781e+00
TRIGTARGVAREXP = 1.379781e+00
