WHENCROSSTEST2 = 6.250000e-04
WHENCROSSCONTTEST2 = 6.250000e-04
WHENCROSSCONTTEST2 = 4.000000e-03
WHENCROSSCONTTEST2 = 6.250000e-03
WHENCROSSCONTTEST2 = 8.750000e-03
WHENCROSSTEST3 = 4.000000e-03
WHENCROSSCONTTEST3 = 4.000000e-03
WHENCROSSCONTTEST3 = 6.250000e-03
WHENCROSSCONTTEST3 = 8.750000e-03
WHENCROSSTEST4 = 8.750000e-03
WHENCROSSCONTTEST4 = 8.750000e-03
ATTEST = 4.200000e-01
ATCONTTEST = 4.200000e-01
