 ***** Measure Functions ***** 

SFDR_BINSIZDEFAULT = 2.233232e+00

SFDR_BINSIZ0 = 2.233232e+00

SFDR_BINSIZ1 = 1.811729e+01

SFDR_BINSIZ2 = 3.850368e+01

SNDR_BINSIZDEFAULT = -1.411643e+00

SNDR_BINSIZ0 = -1.411643e+00

SNDR_BINSIZ1 = 5.710688e+00

SNDR_BINSIZ2 = 5.890563e+00

ENOB_BINSIZDEFAULT = -5.268510e-01

ENOB_BINSIZ0 = -5.268510e-01

ENOB_BINSIZ1 = 6.562605e-01

ENOB_BINSIZ2 = 6.861401e-01


