 ***** Measure Functions ***** 

SNDRV1 = 1.950263e+01

SNDRV12 = 7.937518e+00

SNDREXP = 3.932554e+00

SNDRIR3 = 4.757605e-01


