 ***** Measure Functions ***** 

AVGV2 = 0.000000e+00 FAILED

DERIVV2 = 0.000000e+00 FAILED for AT = 2.500000e+00

ERR1 = FAILED

FITERRORINFPRN = 0.000000e+00 FAILED
COMP_FUNCTION was INFNORM

INTEGV2 = FAILED

MAXV2 = 0.000000e+00 FAILED

MINV2 = 0.000000e+00 FAILED

PPV2 = 0.000000e+00 FAILED

RMSV2 = 0.000000e+00 FAILED

WHENV2 = 0.000000e+00 FAILED


