AVGVB = 8.776204e-01
AVGVMB = 9.211731e-01
AVGVRB = 8.776204e-01
AVGVIB = 2.046388e-01
AVGVPB = 1.642710e+01
AVGVDBB = -1.087514e+00
AVGVRBEXP = 1.877620e+00
AVGRETURNNEGONE = -1.000000e+00
AVGRETURNNEG100 = -1.000000e+02
LASTMEASURE = 9.211731e-01
