AVGVB = 5.901385e-01
AVGVMB = 7.248821e-01
AVGVRB = 5.901385e-01
AVGVIB = 3.787119e-01
AVGVPB = 3.988427e+01
AVGVDBB = -4.012674e+00
AVGVRBEXP = 1.590139e+00
AVGRETURNNEGONE = -1.000000e+00
AVGRETURNNEG100 = -1.000000e+02
LASTMEASURE = 7.248821e-01
