DERIVVMBAT100 = 2.852754e-03
DERIVVMBAT50 = 3.020646e-03
DERIVVRBAT50 = 9.621974e-04
DERIVVIBAT50 = 2.902480e-03
DERIVVPBAT50 = -1.753481e-01
DERIVVDBBAT50 = 1.674911e-01
DERIVVMBAT1 = 3.141514e-03
DERIVWHENVMB0.5 = 1.874488e-03
DERIVEXP1 = 1.099642e-03
DERIVEXP2 = 2.496159e-03
DERIVEXP3 = 1.874488e-03
DERIVEXP4 = 4.800593e-04
DERIVEXP5 = 2.938515e-03
DERIVVIBFROM100 = 9.418202e-04
DERIVIMV1AT50 = 6.041293e-03
DERIVATFAIL = FAILED
DERIVWHENFAIL = FAILED
LASTMEASURE = 9.528905e-01
