EQNVB = 1.908000e+00
EQNVMB = 1.952891e+00
EQNVRB = 1.908000e+00
EQNVIB = 1.289025e+00
EQNVPB = 1.865679e+01
EQNVDBB = 5.808601e-01
EQNVMBFROMTO = 1.299717e+00
EQNRETURNNEGONE = -1.000000e+00
MAXRETURNNEG100 = -1.000000e+02
LASTMEASURE = 1.952891e+00
