EQNVB = 1.993707e+00
EQNVMB = 1.996849e+00
EQNVRB = 1.993707e+00
EQNVIB = 1.079077e+00
EQNVPB = 5.549865e+00
EQNVDBB = 9.725847e-01
EQNVMBFROMTO = 1.782479e+00
EQNFAIL1 = FAILED
EQNFAIL2 = FAILED
LASTMEASURE = 1.996849e+00
