WHENVMB0.5 = 4.685318e+04
WHENVRB0.5 = 8.168864e+04
WHENVIB0.1 = 8.051952e+03
WHENVBP50 = 6.758158e+04
FINDVMCWHENVMB0.5 = 2.500000e-01
FINDVRCWHENVRB0.5 = 2.500000e-01
FINDVICWHENVIB0.1 = 5.000000e-02
FINDVPCWHENVPB50 = 5.000000e+01
LASTMEASURE = 9.968487e-01
