WHENVMB0.5 = 3.126459e+04
WHENVRB0.5 = 5.423560e+04
WHENVIB0.1 = 5.366556e+03
WHENVBP50 = 4.536549e+04
FINDVMCWHENVMB0.5 = 1.666667e-01
FINDVRCWHENVRB0.5 = 1.666667e-01
FINDVICWHENVIB0.1 = 3.333333e-02
FINDVPCWHENVPB50 = 5.000000e+01
LASTMEASURE = 9.985957e-01
