WHENVMB0.5 = 3.126459e+04
WHENVRB0.5 = 5.423560e+04
WHENVIB0.1 = 5.366556e+03
WHENVBP50 = 4.536549e+04
FINDVMCWHENVMB0.5 = 1.666667e-01
FINDVRCWHENVRB0.5 = 1.666667e-01
FINDVICWHENVIB0.1 = 3.333333e-02
FINDVPCWHENVPB50 = 5.000000e+01
FINDVMCWHENVMBEXP1 = 1.333333e-01
FINDVMCWHENVMBEXP2 = 1.666667e-01
FINDVMCWHENVMBEXP3 = 1.133333e+00
FINDVMCWHENVMBEXP4 = 1.166667e+00
FINDVRCWHENVMBEXP5 = 1.623683e-01
LASTMEASURE = 9.985957e-01
