INTEGVB = 5.900795e+02
INTEGVMB = 7.248080e+02
INTEGVRB = 5.900795e+02
INTEGVIB = 3.786725e+02
INTEGVDBB = -3.961267e+03
INTEGVPBEXP = 3.979937e+02
INTEGFAIL1 = FAILED
INTEGFAIL2 = FAILED
LASTMEASURE = 9.528905e-01
