INTEGVB = 8.775326e+02
INTEGVMB = 9.210748e+02
INTEGVRB = 8.775326e+02
INTEGVIB = 2.046122e+02
INTEGVDBB = -1.047236e+03
INTEGVPBEXP = 1.634482e+02
INTEGFAIL1 = FAILED
INTEGFAIL2 = FAILED
LASTMEASURE = 9.968487e-01
