RMSVB = 6.596360e-01
RMSVMB = 7.682047e-01
RMSVRB = 6.596360e-01
RMSVIB = 3.937243e-01
RMSVDBB = 7.311367e+00
RMSVPBEXP = 4.469040e-01
RMSVMBFROMTO = 1.794179e-01
RMSVMBFROMTO1PT = -1.000000e+00
RMSRETURNNEGONE = -1.000000e+00
RMSRETURNNEG100 = -1.000000e+02
LASTMEASURE = 9.528905e-01
