RMSVB = 9.054623e-01
RMSVMB = 9.368140e-01
RMSVRB = 9.054623e-01
RMSVIB = 2.403299e-01
RMSVDBB = 3.617567e+00
RMSVPBEXP = 2.377904e-01
RMSVMBFROMTO = 5.336037e-01
RMSVMBFROMTO1PT = -1.000000e+00
RMSRETURNNEGONE = -1.000000e+00
RMSRETURNNEG100 = -1.000000e+02
LASTMEASURE = 9.968487e-01
