TRIGTARGAT = 4.700000e+02
TRIGTARG1 = 2.127118e+01
TRIGTARG2 = -2.127118e+01
TRIGTARG3 = 1.372929e+02
TRIGTARG4 = -1.372929e+02
TRIGTARG5 = 5.874868e+01
RISEFALL1 = 4.803518e+01
RISEFALL2 = -8.001987e+01
RISEFALL3 = 9.905091e+01
RISEFALL4 = -1.449024e+02
LASTMEASURE = 6.993866e-01
