MAXV1 = 9.999742e-01
MINV1 = -9.999464e-01
