MAXV2 = 1.999891e+00
MINV2 = -1.999896e+00
