MAXIR1 = 4.999949e-01
MAXPR1 = 4.999930e-01
MAXWR1 = 4.999930e-01
MAXIR23 = 4.999966e-01
MAXPR45 = 3.999626e+00
MAXWR67 = 7.499996e+00
