MINSINTHREE = -3.851422e-01
MINSINFOUR = -1.998548e+00
SINSINFIVE = -1.999337e+00
