AVGVR4 = 3.933613e-01
AVGVI4 = -1.705404e-01
AVGVR4EXP = 1.393361e+00
AVGVR4FROMTO = 4.982752e-01
AVGIMEAMP = 2.049891e-03
AVGVM4FROMTO1PT = -1.000000e+00
AVGRETURNNEGONE = -1.000000e+00
AVGRETURNNEG100 = -1.000000e+02
