AVGVR4 = 3.933613e-01
AVGVI4 = -1.705404e-01
AVGVR4EXP = 1.393361e+00
AVGVR4FROMTO = 4.982752e-01
AVGIMEAMP = 2.049891e-03
AVGVM4FROMTO1PT = FAILED
AVGFAIL1 = FAILED
AVGFAIL2 = FAILED
