EQNVR4 = 2.502435e-01
EQNVI4 = -2.499999e-01
EQNVR4EXP = 1.250244e+00
PARAMVR4EXP = 1.250244e+00
EQNVR4FROMTO = 4.950590e-01
EQNIMEAMP = 3.533812e-03
EQNFREQ = 1.000000e+06
EQNFAIL1 = FAILED
EQNFAIL2 = FAILED
