WHENVR4 = 2.645338e+00
WHENVI4 = 1.662966e+00
WHENVR3 = 4.750000e-01
WHENVI3 = 4.894632e-01
AT10 = 1.938633e-01
AT30 = -1.247232e-01
AT50 = 9.223482e-01
WHENRETURNNEGONE = -1.000000e+00
FINDWHENRETURNNEG100 = -1.000000e+02
ATFAILFROM = -1.000000e+00
ATFAILTO = -1.000000e+00
