INTEGVR4 = 4.994998e+02
INTEGRALVI4 = -2.497562e-01
INTEGVR4EXP = 1.498500e+03
INTEGVR4FROMTO = 4.500000e+01
INTEGIMEAMP = 2.497563e-03
INTEGVM4FROMTO1PT = 0.000000e+00
INTEGFAIL1 = FAILED
INTEGFAIL2 = FAILED
